Month	Total_Inflows	Active_Accounts	ACHoutPerActive	ACHoutShare	ACHoutQuantity	ACHoutAmount	ACHoutRate	PQ_ACHoutPerActive	PQ_ACHoutShare	PQ_ACHoutQuantity	PQ_ACHoutAmount	PQ_ACHoutRate	Delta_ACH_Share	Delta_ACH_Qty	Delta_ACH_Amt	Delta_ACH_Rate	RTPoutPerActive	RTPoutShare	RTPoutQuantity	RTPoutAmount	RTPoutRate	PQ_RTPoutPerActive	PQ_RTPoutShare	PQ_RTPoutQuantity	PQ_RTPoutAmount	PQ_RTPoutRate	Delta_RTP_Share	Delta_RTP_Qty	Delta_RTP_Amt	Delta_RTP_Rate	WireOutPerActive	WireOutShare	WireOutQuantity	WireOutAmount	WireOutRate	PQ_WireOutPerActive	PQ_WireOutShare	PQ_WireOutQuantity	PQ_WireOutAmount	PQ_WireOutRate	Delta_Wire_Share	Delta_Wire_Qty	Delta_Wire_Amt	Delta_Wire_Rate	Ref_WireOutRate_Recalc	PQ_WireOutRate_Recalc	DebitCardTransactionsPerActive	DebitCardTransactionShare	DebitCardTransactionsQuantity	DebitCardTransactionAmount	DebitCardTransactionRate	PQ_DebitPerActive	PQ_DebitShare	PQ_DebitQuantity	PQ_DebitAmount	PQ_DebitRate
1	1650500	1000	0.98	0.4029082	980	665000	678.5714286	0.98	0.4029082	980	665000	678.5714286	0	0	0	2.8571E-08	0.42	0.1726749	420	285000	678.5714286	0.42	0.1726749	420	285000	678.5714286	0	0	0	2.8571E-08	0.001	0.000151469	1	250	250	0.001	0.000151469	1	250	250	0	0	0	0	250	250	4	0.856836844	4000	600000	150	4	0.856836844	4000	600000	150
2	5547300	2800	0.98	0.4027678	2744	2234274	814.2397959	0.98	0.40276784	2744	2234274	814.2397959	-4.0E-08	0	0	-1.8367E-08	0.42	0.1726148	1176	957546	814.2397959	0.42	0.17261476	1176	957546	814.2397959	4.0E-08	0	0	-1.8367E-08	0.00107	0.000155045	3	860	286.6666667	0.00107	0.000155045	3	860	286.6666667	-2.0E-10	0	0	3.3333E-08	286.6666667	286.6666667	4.4	0.85614221	12320	2015890	163.6274351	4.4	0.85614221	12320	2015890	163.6274351
3	10635840	4600	0.98	0.4026274	4508	4282281	949.9292369	0.98	0.40262748	4508	4282281	949.9292369	-8.0E-08	0	0	-1.2156E-08	0.42	0.1725547	1932	1835264	949.9296066	0.42	0.17255462	1932	1835263	949.929089	8.0E-08	0	1	0.000517573	0.00114	0.000158621	5	1687	337.4	0.00114	0.000158621	5	1687	337.4	-4.0E-10	0	0	0	337.4	337.4	4.8	0.855447576	22080	3863721	174.9873641	4.8	0.855447576	22080	3863722	174.9874094
4	16918540	6400	0.98	0.402487	6272	6809492	1085.697066	0.98	0.40248712	6272	6809494	1085.697385	-1.2E-07	0	-2	-0.000319204	0.42	0.1724946	2688	2918357	1085.698289	0.42	0.17249448	2688	2918355	1085.697545	1.2E-07	0	2	0.000744357	0.00121	0.000162197	8	2744	343	0.00121	0.000162198	8	2744	343	-6.0E-10	0	0	0	343	343	5.2	0.854752942	33280	6143919	184.6129507	5.2	0.854752943	33280	6143919	184.6129507
5	24395040	8200	0.98	0.4023466	8036	9815261	1221.411274	0.98	0.40234676	8036	9815265	1221.411772	-1.6E-07	0	-4	-0.000498026	0.42	0.1724345	3444	4206547	1221.413182	0.42	0.17243434	3444	4206543	1221.412021	1.6E-07	0	4	0.001161094	0.00128	0.000165773	10	4044	404.4	0.00128	0.000165774	10	4044	404.4	-8.0E-10	0	0	0	404.4	404.4	5.6	0.854058308	45920	8855891	192.8547692	5.6	0.854058309	45920	8855891	192.8547692
6	33067600	10000	0.98	0.4022064	9800	13300000	1357.142857	0.98	0.4022064	9800	13300000	1357.142857	0	0	0	-1.4286E-07	0.42	0.1723742	4200	5700000	1357.142857	0.42	0.1723742	4200	5700001	1357.143095	0	0	-1	-0.000238238	0.00135	0.00016935	14	5600	400	0.00135	0.00016935	14	5600	400	0	0	0	0	400	400	6	0.853363675	60000	12000000	200	6	0.853363675	60000	11999999	199.9999833
7	58924588	16666	1.1433333	0.4022461	19055	23702186	1243.88276	1.143333333	0.40224615	19054	23702188	1243.948147	-5.0E-08	1	-2	-0.065387371	0.49	0.1723912	8166	10158080	1243.948077	0.49	0.172391233	8166	10158082	1243.948322	-3.33333E-08	0	-2	-0.000245312	0.0013472	0.00016935	22	9979	453.5909091	0.001347222	0.000172926	22	10190	463.1818182	-3.5762E-06	0	-211	-9.59090908	453.5909091	463.1818182	7	0.853363675	116662	21380466	183.2684679	7	0.853580147	116662	21385706	183.313384
8	85698742	23333	1.3066666	0.4022858	30488	34475387	1130.785457	1.306666667	0.4022859	30488	34475395	1130.785719	-1.0E-07	0	-8	-0.000261971	0.56	0.1724082	13066	14775166	1130.810194	0.56	0.172408267	13066	14775172	1130.810654	-6.66667E-08	0	-6	-0.000459605	0.0013444	0.00016935	31	14513	468.1612903	0.001344444	0.000176502	31	15126	487.9354839	-7.1524E-06	0	-613	-19.77419357	468.1612903	487.9354839	8	0.853363675	186664	31091176	166.5622509	8	0.853796618	186664	31106414	166.6438842
9	111551400	30000	1.4699999	0.4023255	44100	44879973	1017.686463	1.47	0.40232565	44100	44879990	1017.686848	-1.5E-07	0	-17	-0.000385073	0.63	0.1724252	18900	19234272	1017.686349	0.63	0.1724253	18900	19234284	1017.686984	-1.0E-07	0	-12	-0.000635127	0.0013416	0.00016935	40	18891	472.275	0.001341667	0.000180079	40	20088	502.2	-1.07286E-05	0	-1197	-29.925	472.275	502.2	9	0.853363675	270000	40465024	149.8704593	9	0.85401309	270000	40494771	149.9806333
10	134645533	36666	1.6333332	0.4023652	59888	54176677	904.6332654	1.633333333	0.4023654	59887	54176704	904.6488219	-2.0E-07	1	-27	-0.015556548	0.7	0.1724422	25666	23218572	904.6431855	0.7	0.172442333	25666	23218590	904.6438869	-1.33333E-07	0	-18	-0.000701354	0.0013388	0.00016935	49	22802	465.3469388	0.001338889	0.000183655	49	24728	504.6530612	-1.43048E-05	0	-1926	-39.30612242	465.3469388	504.6530612	10	0.853363675	366660	48835854	133.1911144	10	0.854229561	366660	48883723	133.3216686
11	153153138	43333	1.7966665	0.4024049	77855	61629573	791.5942842	1.796666667	0.40240515	77854	61629611	791.60494	-2.5E-07	1	-38	-0.010655816	0.77	0.1724592	33366	26412668	791.6042678	0.77	0.172459367	33366	26412693	791.6050171	-1.66667E-07	0	-25	-0.000749283	0.001336	0.00016935	58	25936	447.1724138	0.001336111	0.000187231	58	28675	494.3965517	-1.7881E-05	0	-2739	-47.22413792	447.1724138	494.3965517	11	0.853363675	476663	55541142	116.5207746	11	0.854446033	476663	55609192	116.663538
12	165240000	50000	1.96	0.4024449	98000	66500000	678.5714286	1.96	0.4024449	98000	66499995	678.5713776	0	0	5	5.1049E-05	0.84	0.1724764	42000	28500000	678.5714286	0.84	0.1724764	42000	28500000	678.5714286	0	0	0	2.8571E-08	0.0013333	0.000223009	67	36850	550	0.001333333	0.000223009	67	36850	550	0	0	0	0	550	550	12	0.854662504	600000	60000000	100	12	0.854662504	600000	60000004	100.0000067
13	184515833	55833	1.96	0.4024476	109433	74257954	678.5700292	1.96	0.402447608	109432	74257956	678.5762483	-8.33333E-09	1	-2	-0.006219064	0.84	0.1724776	46900	31824848	678.5681876	0.84	0.172477558	46899	31824840	678.5824858	4.16667E-08	1	8	-0.014298167	0.0013333	0.000224599	74	41442	560.027027	0.001333333	0.000194383	74	35867	484.6891892	3.02156E-05	0	5575	75.33783781	560.027027	484.6891892	12.6666667	0.85467923	707218	66999663	94.73693119	12.66666667	0.854679231	707218	67004433	94.74367592
14	203792200	61666	1.96	0.4024503	120865	82016232	678.5771894	1.96	0.402450317	120865	82016235	678.5772142	-1.66667E-08	0	-3	-2.48473E-05	0.84	0.1724788	51799	35149834	678.581324	0.84	0.172478717	51799	35149817	678.5809958	8.33333E-08	0	17	0.000328228	0.0013333	0.000226189	82	46096	562.1463415	0.001333333	0.00019796	82	40343	491.9878049	2.82294E-05	0	5753	70.15853662	562.1463415	491.9878049	13.3333334	0.854695956	822213	73999608	90.00053271	13.33333333	0.854695957	822213	74004537	90.00652751
15	223070850	67500	1.96	0.402453	132300	89775533	678.5754573	1.96	0.402453025	132300	89775538	678.5754951	-2.5E-08	0	-5	-3.77869E-05	0.84	0.17248	56700	38475260	678.5760141	0.84	0.172479875	56700	38475232	678.5755203	1.25E-07	0	28	0.000493818	0.0013333	0.000227779	90	50811	564.5666667	0.001333333	0.000201536	90	44957	499.5222222	2.62432E-05	0	5854	65.04444448	564.5666667	499.5222222	14.0000001	0.854712682	945000	81000476	85.71478942	14	0.854712684	945000	81005500	85.72010582
16	242346700	73333	1.96	0.4024557	143733	97533811	678.5763255	1.96	0.402455733	143732	97533819	678.5811023	-3.33333E-08	1	-8	-0.004776829	0.84	0.1724812	61600	41800250	678.575487	0.84	0.172481033	61599	41800209	678.5858374	1.66667E-07	1	41	-0.010350432	0.0013333	0.000229369	98	55587	567.2142857	0.001333333	0.000205112	98	49708	507.2244898	2.4257E-05	0	5879	59.9897959	567.2142857	507.2244898	14.6666668	0.854729408	1075551	88000420	81.81891886	14.66666667	0.85472941	1075550	88005473	81.82369299
17	261621467	79166	1.96	0.4024584	155165	105291757	678.5792995	1.96	0.402458442	155165	105291768	678.5793703	-4.16667E-08	0	-11	-7.08477E-05	0.84	0.1724824	66499	45125099	678.5831216	0.84	0.172482192	66499	45125044	678.5822945	2.08333E-07	0	55	0.000827129	0.0013333	0.000230959	106	60424	570.0377358	0.001333333	0.000208688	106	54597	515.0660377	2.22708E-05	0	5827	54.97169806	570.0377358	515.0660377	15.3333335	0.854746134	1213879	95000064	78.26155984	15.33333333	0.854746137	1213878	95005082	78.26575817
18	280898400	85000	1.96	0.4024611	166600	113050679	678.5755042	1.96	0.40246115	166600	113050693	678.5755882	-5.0E-08	0	-14	-8.40353E-05	0.84	0.1724836	71400	48450367	678.5765686	0.84	0.17248335	71400	48450297	678.5755882	2.5E-07	0	70	0.000980365	0.0013333	0.000232549	113	65323	578.079646	0.001333333	0.000212264	113	59625	527.6548673	2.02846E-05	0	5698	50.42477874	578.079646	527.6548673	16.0000002	0.85476286	1360000	102000588	75.00043235	16	0.854762863	1360000	102005507	75.00404926
19	300172467	90833	1.96	0.4024638	178033	120808552	678.5739273	1.96	0.402463858	178032	120808569	678.5778343	-5.83333E-08	1	-17	-0.003907022	0.84	0.1724848	76300	51775188	678.5738925	0.84	0.172484508	76299	51775100	678.5816328	2.91667E-07	1	88	-0.007740287	0.0013333	0.000234139	121	70282	580.8429752	0.001333333	0.000215841	121	64789	535.446281	1.82984E-05	0	5493	45.39669421	580.8429752	535.446281	16.6666669	0.854779586	1513883	109000164	72.00038841	16.66666667	0.85477959	1513883	109004920	72.00353
20	319446967	96666	1.96	0.4024665	189465	128566703	678.5775895	1.96	0.402466567	189465	128566724	678.5777004	-6.66667E-08	0	-21	-0.000110867	0.84	0.172486	81199	55100130	678.5813865	0.84	0.172485667	81199	55100023	678.5800687	3.33333E-07	0	107	0.00131778	0.0013333	0.000235729	129	75303	583.744186	0.001333333	0.000219417	129	70092	543.3488372	1.63122E-05	0	5211	40.39534879	583.744186	543.3488372	17.3333336	0.854796312	1675544	115999989	69.23124012	17.33333333	0.854796316	1675544	116004517	69.23394253
21	338723550	102500	1.96	0.4024692	200900	136325796	678.5753907	1.96	0.402469275	200900	136325822	678.5755202	-7.5E-08	0	-26	-0.000129459	0.84	0.1724872	86100	58425477	678.5769686	0.84	0.172486825	86100	58425350	678.5754936	3.75E-07	0	127	0.001474988	0.0013333	0.000237319	137	80386	586.7591241	0.001333333	0.000222993	137	75533	551.3357664	1.4326E-05	0	4853	35.42335768	586.7591241	551.3357664	18.0000003	0.854813038	1845000	123000664	66.66702656	18	0.854813043	1845000	123004900	66.66932249
22	357997233	108333	1.96	0.4024719	212333	144083827	678.5748188	1.96	0.402471983	212332	144083857	678.5781559	-8.33333E-08	1	-30	-0.003337107	0.84	0.1724884	91000	61750370	678.5754945	0.84	0.172487983	90999	61750221	678.5813141	4.16667E-07	1	149	-0.00581958	0.0013333	0.000238909	144	85529	593.9513889	0.001333333	0.000226569	144	81111	563.2708333	1.23398E-05	0	4418	30.68055557	593.9513889	563.2708333	18.666667	0.854829764	2022216	130000379	64.28609951	18.66666667	0.854829769	2022216	130004259	64.28801819
23	377269633	114166	1.96	0.4024746	223765	151841445	678.5754921	1.96	0.402474692	223765	151841479	678.5756441	-9.16667E-08	0	-34	-0.000151991	0.84	0.1724896	95899	65075088	678.5794221	0.84	0.172489142	95899	65074915	678.5776181	4.58333E-07	0	173	0.001803981	0.0013333	0.000240499	152	90733	596.9276316	0.001333333	0.000230145	152	86827	571.2302632	1.03536E-05	0	3906	25.69736844	596.9276316	571.2302632	19.3333337	0.85484649	2207209	136999722	62.06921139	19.33333333	0.854846496	2207209	137003181	62.07077853
24	396544000	120000	1.96	0.4024774	235200	159600000	678.5714286	1.96	0.4024774	235200	159599998	678.5714201	0	0	2	8.53197E-06	0.84	0.1724903	100800	68400000	678.5714286	0.84	0.1724903	100800	68399994	678.571369	0	0	6	5.95524E-05	0.0013333	0.000242092	160	96000	600	0.001333333	0.000242092	160	96000	600	0	0	0	0	600	600	20	0.854863222	2400000	144000000	60	20	0.854863222	2400000	144000007	60.00000292
25	418569000	126666	1.96	0.4024803	248265	168465777	678.5724005	1.96	0.402480275	248265	168465766	678.5723562	2.5E-08	0	11	4.43483E-05	0.84	0.1724915	106399	72199595	678.5739998	0.84	0.172491533	106399	72199609	678.5741313	-3.33333E-08	0	-14	-0.000131536	0.0013333	0.000242119	169	101344	599.6686391	0.001333333	0.000237298	169	99326	587.7278107	4.8212E-06	0	2018	11.94082845	599.6686391	587.7278107	20.1666667	0.854877655	2554431	151999200	59.50413223	20.16666667	0.854877655	2554431	152000922	59.50480635
26	440597300	133333	1.96	0.4024832	261333	177333011	678.5710607	1.96	0.40248315	261332	177332989	678.5735731	5.0E-08	1	22	-0.002512379	0.84	0.1724927	112000	75999818	678.5698036	0.84	0.172492767	111999	75999847	678.5761212	-6.66667E-08	1	-29	-0.006317615	0.0013333	0.000242146	178	106689	599.3764045	0.001333333	0.000240874	178	106128	596.2247191	1.272E-06	0	561	3.151685399	599.3764045	596.2247191	20.3333334	0.854892088	2711104	159999707	59.01644017	20.33333333	0.854892087	2711104	160000181	59.016615
27	462625600	140000	1.96	0.4024861	274400	186200374	678.5727915	1.96	0.402486025	274400	186200339	678.572664	7.5E-08	0	35	0.000127506	0.84	0.1724939	117600	79800094	678.5722279	0.84	0.172494	117600	79800140	678.572619	-1.0E-07	0	-46	-0.000391148	0.0013333	0.000242173	187	112035	599.1176471	0.001333333	0.00024445	187	113089	604.7540107	-2.2772E-06	0	-1054	-5.636363595	599.1176471	604.7540107	20.5000001	0.854906521	2870000	168000328	58.53669965	20.5	0.85490652	2870000	167999417	58.53638223
28	484648900	146666	1.96	0.402489	287465	195065851	678.5725254	1.96	0.4024889	287465	195065803	678.5723584	1.0E-07	0	48	0.000167026	0.84	0.1724951	123199	83599560	678.573365	0.84	0.172495233	123199	83599625	678.5738926	-1.33333E-07	0	-65	-0.000527645	0.0013333	0.0002422	196	117382	598.8877551	0.001333333	0.000248026	196	120206	613.2959184	-5.8264E-06	0	-2824	-14.40816327	598.8877551	613.2959184	20.6666668	0.854920954	3031097	175999249	58.06453868	20.66666667	0.854920953	3031097	175996819	58.06373699
29	506675500	153333	1.96	0.4024919	300533	203932785	678.5703567	1.96	0.402491775	300532	203932721	678.5724016	1.25E-07	1	64	-0.002044908	0.84	0.1724963	128800	87399649	678.5687034	0.84	0.172496467	128799	87399733	678.574624	-1.66667E-07	1	-84	-0.005920627	0.0013333	0.000242227	204	122730	601.6176471	0.001333333	0.000251603	204	127481	624.9068627	-9.3756E-06	0	-4751	-23.28921565	601.6176471	624.9068627	20.8333335	0.854935387	3194438	183999481	57.59995373	20.83333333	0.854935385	3194437	183995402	57.59869486
30	528702100	160000	1.96	0.4024948	313600	212799846	678.5709375	1.96	0.40249465	313600	212799767	678.5706856	1.5E-07	0	79	0.000251913	0.84	0.1724975	134400	91199790	678.5698661	0.84	0.1724977	134400	91199896	678.5706548	-2.0E-07	0	-106	-0.000788662	0.0013333	0.000242254	213	128080	601.314554	0.001333333	0.000255179	213	134914	633.399061	-1.29248E-05	0	-6834	-32.08450703	601.314554	633.399061	21.0000002	0.85494982	3360000	191999829	57.14280625	21	0.854949818	3360000	191993963	57.14106042
31	550725400	166666	1.96	0.4024977	326665	221665707	678.5719529	1.96	0.402497525	326665	221665610	678.571656	1.75E-07	0	97	0.000296922	0.84	0.1724987	139999	94999416	678.5721041	0.84	0.172498933	139999	94999544	678.5730184	-2.33333E-07	0	-128	-0.000914279	0.0013333	0.000242281	222	133430	601.036036	0.001333333	0.000258755	222	142503	641.9054054	-1.6474E-05	0	-9073	-40.86936941	601.036036	641.9054054	21.1666669	0.854964253	3527764	199999092	56.69287741	21.16666667	0.854964251	3527763	199991308	56.69068699
32	572752000	173333	1.96	0.4025006	339733	230533024	678.5711838	1.96	0.4025004	339732	230532909	678.5728427	2.0E-07	1	115	-0.001658911	0.84	0.1724999	145600	98799663	678.569114	0.84	0.172500167	145599	98799815	678.5748185	-2.66667E-07	1	-152	-0.005704508	0.0013333	0.000242308	231	138782	600.7878788	0.001333333	0.000262331	231	150251	650.4372294	-2.00232E-05	0	-11469	-49.64935064	600.7878788	650.4372294	21.3333336	0.854978686	3697771	207999669	56.25001359	21.33333333	0.854978683	3697770	207989831	56.24736828
33	594778600	180000	1.96	0.4025035	352800	239400468	678.5727551	1.96	0.402503275	352800	239400334	678.5723753	2.25E-07	0	134	0.000379817	0.84	0.1725011	151200	102599963	678.5711839	0.84	0.1725014	151200	102600141	678.5723611	-3.0E-07	0	-178	-0.001177211	0.0013333	0.000242335	240	144136	600.5666667	0.001333333	0.000265907	240	158156	658.9833333	-2.35724E-05	0	-14020	-58.41666663	600.5666667	658.9833333	21.5000003	0.854993119	3870000	216000360	55.81404651	21.5	0.854993116	3870000	215988334	55.81093902
34	616800200	186666	1.96	0.4025064	365865	248266028	678.5727741	1.96	0.40250615	365865	248265874	678.5723532	2.5E-07	0	154	0.00042091	0.84	0.1725023	156799	106399453	678.5722677	0.84	0.172502633	156799	106399659	678.5735815	-3.33333E-07	0	-206	-0.001313764	0.0013333	0.000242362	249	149489	600.3574297	0.001333333	0.000269484	249	166218	667.5421687	-2.71216E-05	0	-16729	-67.18473897	600.3574297	667.5421687	21.666667	0.855007552	4044430	223999350	55.38465247	21.66666667	0.855007549	4044430	223985001	55.38110463
35	638825100	193333	1.96	0.4025093	378933	257133044	678.5712619	1.96	0.402509025	378932	257132868	678.5725882	2.75E-07	1	176	-0.001326322	0.84	0.1725035	162400	110199566	678.5687562	0.84	0.172503867	162399	110199800	678.5743755	-3.66667E-07	1	-234	-0.005619258	0.0013333	0.000242389	258	154844	600.1705426	0.001333333	0.00027306	258	174437	676.1124031	-3.06708E-05	0	-19593	-75.9418605	600.1705426	676.1124031	21.8333337	0.855021985	4221104	231999653	54.96184245	21.83333333	0.855021981	4221103	231982850	54.95787475
36	660850000	200000	1.96	0.4025119	392000	266000000	678.5714286	1.96	0.4025119	392000	265999989	678.5714005	0	0	11	2.80898E-05	0.84	0.1725051	168000	114000000	678.5714286	0.84	0.1725051	168000	113999995	678.5713988	0	0	5	2.97905E-05	0.0013333	0.000242415	267	160200	600	0.001333333	0.000242415	267	160200	600	0	0	0	0	600	600	22	0.855036414	4400000	240000000	54.54545455	22	0.855036414	4400000	240000014	54.54545773
37	667458500	202000	1.96	0.4025119	395920	268659989	678.5714008	1.96	0.4025119	395920	268659989	678.5714008	0	0	0	1.1962E-08	0.84	0.1725051	169680	115139995	678.5713991	0.84	0.1725051	169680	115139995	678.5713991	0	0	0	-4.19595E-09	0.0013333	0.000242415	269	161802	601.4944238	0.001333333	0.000280212	269	187030	695.2788104	-3.77972E-05	0	-25228	-93.78438661	601.4944238	695.2788104	22	0.855036414	4444000	242400014	54.5454577	22	0.855036414	4444000	242378443	54.54060374
38	674133000	204020	1.96	0.4025119	399879	271346555	678.5716554	1.96	0.4025119	399879	271346555	678.5716554	0	0	0	-2.5766E-08	0.84	0.1725051	171377	116291381	678.5705258	0.84	0.1725051	171376	116291381	678.5744853	0	1	0	-0.003959542	0.0013333	0.000242415	272	163420	600.8088235	0.001333333	0.000283788	272	191311	703.3492647	-4.13734E-05	0	-27891	-102.5404412	600.8088235	703.3492647	22	0.855036414	4488440	244823982	54.54545054	22	0.855036414	4488440	244800134	54.54013733
39	680873500	206060	1.96	0.4025119	403878	274059686	678.5704743	1.96	0.4025119	403877	274059686	678.5721544	0	1	0	-0.001680094	0.84	0.1725051	173090	117454151	678.5727136	0.84	0.1725051	173090	117454151	678.5727136	0	0	0	-1.7193E-08	0.0013333	0.000242415	275	165054	600.1963636	0.001333333	0.000287365	275	195659	711.4872727	-4.49496E-05	0	-30605	-111.2909091	600.1963636	711.4872727	22	0.855036414	4533320	247271921	54.54543712	22	0.855036414	4533320	247245753	54.53966475
40	687680000	208120	1.96	0.4025119	407915	276799383	678.5712293	1.96	0.4025119	407915	276799383	678.5712293	0	0	0	-2.21917E-10	0.84	0.1725051	174821	118628307	678.5701203	0.84	0.1725051	174820	118628307	678.5740018	0	1	0	-0.00388153	0.0013333	0.000242415	277	166704	601.8194946	0.001333333	0.000290941	277	200074	722.2888087	-4.85258E-05	0	-33370	-120.4693141	601.8194946	722.2888087	22	0.855036414	4578640	249743829	54.5454172	22	0.855036414	4578640	249715297	54.53918565
41	694557500	210201	1.96	0.4025119	411994	279567659	678.5721612	1.96	0.4025119	411993	279567659	678.5738083	0	1	0	-0.001647093	0.84	0.1725051	176569	119814711	678.5716122	0.84	0.1725051	176568	119814711	678.5754553	0	1	0	-0.003843149	0.0013333	0.000242415	280	168371	601.325	0.001333333	0.000294517	280	204559	730.5678571	-5.2102E-05	0	-36188	-129.2428571	601.325	730.5678571	22	0.855036414	4624422	252241521	54.54552396	22	0.855036414	4624422	252210579	54.53883296
42	701502600	212303	1.96	0.4025119	416114	282363144	678.571603	1.96	0.4025119	416113	282363144	678.5732337	0	1	0	-0.001630713	0.84	0.1725051	178335	121012776	678.5699722	0.84	0.1725051	178334	121012776	678.5737773	0	1	0	-0.003805094	0.0013333	0.000242415	283	170055	600.9010601	0.001333333	0.000298093	283	209113	738.9151943	-5.56782E-05	0	-39058	-138.0141342	600.9010601	738.9151943	22	0.855036414	4670666	254763764	54.54548966	22	0.855036414	4670666	254730368	54.5383395
43	708517000	214426	1.96	0.4025119	420275	285186524	678.5712307	1.96	0.4025119	420274	285186524	678.5728453	0	1	0	-0.001614634	0.84	0.1725051	180118	122222796	678.5706925	0.84	0.1725051	180117	122222796	678.5744599	0	1	0	-0.003767434	0.0013333	0.000242415	286	171755	600.541958	0.001333333	0.000301669	286	213738	747.3356643	-5.92544E-05	0	-41983	-146.7937063	600.541958	747.3356643	22	0.855036414	4717372	257311174	54.54544903	22	0.855036414	4717372	257275277	54.5378395
44	715600700	216570	1.96	0.4025119	424477	288037797	678.5710345	1.96	0.4025119	424477	288037797	678.5710345	0	0	0	2.69901E-08	0.84	0.1725051	181919	123444770	678.569968	0.84	0.1725051	181918	123444770	678.573698	0	1	0	-0.00373004	0.0013333	0.000242415	289	173472	600.2491349	0.001333333	0.000305246	289	218434	755.8269896	-6.28306E-05	0	-44962	-155.5778547	600.2491349	755.8269896	22	0.855036414	4764540	259883753	54.5454027	22	0.855036414	4764540	259845309	54.53733393
45	722755400	218735	1.96	0.4025119	428721	290917649	678.5710264	1.96	0.4025119	428720	290917649	678.5726092	0	1	0	-0.001582762	0.84	0.1725051	183737	124678993	678.5731399	0.84	0.1725051	183737	124678993	678.5731399	0	0	0	3.1601E-08	0.0013333	0.000242415	292	175207	600.0239726	0.001333333	0.000308822	292	223203	764.3938356	-6.64068E-05	0	-47996	-164.369863	600.0239726	764.3938356	22	0.855036414	4812170	262482115	54.54547844	22	0.855036414	4812170	262441076	54.53695027
46	729981000	220922	1.96	0.4025119	433007	293826039	678.5711062	1.96	0.4025119	433007	293826039	678.5711062	0	0	0	-4.0777E-08	0.84	0.1725051	185574	125925445	678.5726718	0.84	0.1725051	185574	125925445	678.5726718	0	0	0	-1.825E-08	0.0013333	0.000242415	295	176958	599.8576271	0.001333333	0.000312398	295	228045	773.0338983	-6.9983E-05	0	-51087	-173.1762712	599.8576271	773.0338983	22	0.855036414	4860284	265106227	54.54541895	22	0.855036414	4860284	265062546	54.53643162
47	737280900	223131	1.96	0.4025119	437337	296764336	678.5712986	1.96	0.4025119	437336	296764336	678.5728502	0	1	0	-0.001551566	0.84	0.1725051	187430	127184715	678.5718135	0.84	0.1725051	187430	127184715	678.5718135	0	0	0	2.29679E-08	0.0013333	0.000242415	298	178728	599.7583893	0.001333333	0.000315974	298	232962	781.7516779	-7.35592E-05	0	-54234	-181.9932886	599.7583893	781.7516779	22	0.855036414	4908882	267757322	54.5454794	22	0.855036414	4908882	267710950	54.53603285
48	744651700	225362	1.96	0.4025119	441710	299731171	678.5700369	1.96	0.4025119	441709	299731171	678.5715731	0	1	0	-0.00153624	0.84	0.1725051	189304	128456216	678.5710603	0.84	0.1725051	189304	128456216	678.5710603	0	0	0	-5.11795E-09	0.0013333	0.000242415	300	180515	601.7166667	0.001333333	0.00031955	300	237954	793.18	-7.71354E-05	0	-57439	-191.4633333	601.7166667	793.18	22	0.855036414	4957964	270434164	54.54540695	22	0.855036414	4957964	270385052	54.53550127
49	752096800	227615	1.96	0.4025119	446125	302727912	678.5719518	1.96	0.4025119	446125	302727912	678.5719518	0	0	0	-7.229E-09	0.84	0.1725051	191197	129740534	678.5699253	0.84	0.1725051	191196	129740534	678.5734743	0	1	0	-0.00354904	0.0013333	0.000242415	303	182320	601.7161716	0.001333333	0.000323127	303	243022	802.0528053	-8.07116E-05	0	-60702	-200.3366337	601.7161716	802.0528053	22	0.855036414	5007530	273137991	54.54545275	22	0.855036414	5007530	273086089	54.53508796
50	759617800	229891	1.96	0.4025119	450586	305755204	678.5723569	1.96	0.4025119	450586	305755204	678.5723569	0	0	0	1.3634E-08	0.84	0.1725051	193108	131037945	678.5733631	0.84	0.1725051	193108	131037945	678.5733631	0	0	0	7.84405E-09	0.0013333	0.000242415	307	184143	599.8143322	0.001333333	0.000326703	307	248169	808.3680782	-8.42878E-05	0	-64026	-208.553746	599.8143322	808.3680782	22	0.855036414	5057602	275869383	54.54549073	22	0.855036414	5057602	275814638	54.53466643
51	767209700	232189	1.96	0.4025119	455090	308811034	678.5713463	1.96	0.4025119	455090	308811034	678.5713463	0	0	0	-2.71E-08	0.84	0.1725051	195039	132347586	678.5698553	0.84	0.1725051	195038	132347586	678.5733344	0	1	0	-0.003479127	0.0013333	0.000242415	310	185983	599.9451613	0.001333333	0.000330279	310	253393	817.3967742	-8.7864E-05	0	-67410	-217.4516129	599.9451613	817.3967742	22	0.855036414	5108158	278626524	54.54540051	22	0.855036414	5108158	278568886	54.53411699
52	774879200	234510	1.96	0.4025119	459640	311898099	678.5704007	1.96	0.4025119	459639	311898099	678.5718771	0	1	0	-0.00147636	0.84	0.1725051	196988	133670614	678.5723699	0.84	0.1725051	196988	133670614	678.5723699	0	0	0	9.44806E-09	0.0013333	0.000242415	313	187842	600.1341853	0.001333333	0.000333855	313	258697	826.5079872	-9.14402E-05	0	-70855	-226.3738019	600.1341853	826.5079872	22	0.855036414	5159220	281411846	54.5454247	22	0.855036414	5159220	281351263	54.53368203
53	782627900	236855	1.96	0.4025119	464236	315017043	678.5709057	1.96	0.4025119	464235	315017043	678.5723674	0	1	0	-0.001461743	0.84	0.1725051	198958	135007304	678.5718795	0.84	0.1725051	198958	135007304	678.5718795	0	0	0	7.84598E-09	0.0013333	0.000242415	316	189721	600.3829114	0.001333333	0.000337431	316	264083	835.7056962	-9.50164E-05	0	-74362	-235.3227848	600.3829114	835.7056962	22	0.855036414	5210810	284225931	54.5454413	22	0.855036414	5210810	284162349	54.53323936
54	790452500	239223	1.96	0.4025119	468877	318166538	678.5714334	1.96	0.4025119	468877	318166538	678.5714334	0	0	0	-4.62979E-08	0.84	0.1725051	200947	136357088	678.5723997	0.84	0.1725051	200947	136357088	678.5723997	0	0	0	1.252E-08	0.0013333	0.000242415	319	191618	600.6833856	0.001333333	0.000341008	319	269550	844.984326	-9.85926E-05	0	-77932	-244.3009404	600.6833856	844.984326	22	0.855036414	5262906	287067579	54.54545056	22	0.855036414	5262906	287000945	54.53278949
55	798356300	241615	1.96	0.4025119	473565	321347911	678.5719194	1.96	0.4025119	473565	321347911	678.5719194	0	0	0	2.25119E-08	0.84	0.1725051	202957	137720533	678.5700074	0.84	0.1725051	202956	137720533	678.5733509	0	1	0	-0.003343474	0.0013333	0.000242415	322	193534	601.0372671	0.001333333	0.000344584	322	275101	854.3509317	-0.000102169	0	-81567	-253.3136646	601.0372671	854.3509317	22	0.855036414	5315530	289937993	54.54545323	22	0.855036414	5315530	289868250	54.53233262
56	806339300	244031	1.96	0.4025119	478301	324561164	678.5709501	1.96	0.4025119	478300	324561164	678.5723688	0	1	0	-0.001418706	0.84	0.1725051	204986	139097642	678.5714244	0.84	0.1725051	204986	139097642	678.5714244	0	0	0	1.0042E-08	0.0013333	0.000242415	325	195469	601.4430769	0.001333333	0.00034816	325	280735	863.8	-0.000105745	0	-85266	-262.3569231	601.4430769	863.8	22	0.855036414	5368682	292837168	54.54544858	22	0.855036414	5368682	292764262	54.53186872
57	814401500	246471	1.96	0.4025119	483083	327806295	678.5713739	1.96	0.4025119	483083	327806295	678.5713739	0	0	0	3.671E-08	0.84	0.1725051	207036	140488412	678.5699685	0.84	0.1725051	207035	140488412	678.5732461	0	1	0	-0.00327757	0.0013333	0.000242415	329	197423	600.0699088	0.001333333	0.000351736	329	286454	870.6808511	-0.000109321	0	-89031	-270.6109423	600.0699088	870.6808511	22	0.855036414	5422362	295765107	54.54543739	22	0.855036414	5422362	295688983	54.53139849
58	822542900	248935	1.96	0.4025119	487913	331083306	678.5703722	1.96	0.4025119	487912	331083306	678.5717629	0	1	0	-0.001390741	0.84	0.1725051	209105	141892845	678.5722245	0.84	0.1725051	209105	141892845	678.5722245	0	0	0	1.94759E-08	0.0013333	0.000242415	332	199397	600.5933735	0.001333333	0.000355312	332	292260	880.3012048	-0.000112897	0	-92863	-279.7078313	600.5933735	880.3012048	22	0.855036414	5476570	298721808	54.54541949	22	0.855036414	5476570	298642407	54.53092118
59	830768500	251424	1.96	0.4025119	492791	334394207	678.572066	1.96	0.4025119	492791	334394207	678.572066	0	0	0	-4.82841E-08	0.84	0.1725051	211196	143311803	678.572525	0.84	0.1725051	211196	143311803	678.572525	0	0	0	-4.78229E-08	0.0013333	0.000242415	335	201391	601.1671642	0.001333333	0.000358889	335	298153	890.0089552	-0.000116474	0	-96762	-288.841791	601.1671642	890.0089552	22	0.855036414	5531328	301709089	54.54550679	22	0.855036414	5531328	301626354	54.53054926
60	839074900	253938	1.96	0.4025119	497718	337737632	678.5722678	1.96	0.4025119	497718	337737632	678.5722678	0	0	0	-3.0378E-08	0.84	0.1725051	213308	144744700	678.5713616	0.84	0.1725051	213307	144744700	678.5745428	0	1	0	-0.003181195	0.0013333	0.000242415	339	203404	600.0117994	0.001333333	0.000362465	339	304135	897.1533923	-0.00012005	0	-100731	-297.1415929	600.0117994	897.1533923	22	0.855036414	5586636	304725713	54.54547477	22	0.855036414	5586636	304639584	54.5300578